1697138441
550999972
727007974
1640477030
292645133
1739425567
1093685759
1923518445
1426493225
1283363901
1472636468
1289574873
60750650
991993713
1121907993
1094619725
1908183089
754665935
464316342
109830049
1106552045
79992559
1649423687
1239588187
2017584229
1213254631
1392043873
1241345227
1569854230
2042614428
1361949175
1119509024
446130752
2088957149
612502406
738775885
1680899068
1706188165
514810683
959908645
842068419
1987447151
101999871
902819069
831957216
1223907864
1997438794
592656658
1978573799
314271488
702486707
937642197
394264048
204426746
29746736
264364629
1417681378
1421790610
1505709857
840051960
1316921390
720175384
1959560984
1763052142
661648885
424579743
354344380
195064305
2130767908
869155063
1154972950
825352679
709118566
1256972821
1728171749
1541075782
333397038
1578126895
2133732440
164487189
1892398384
688735500
1102129386
139178784
893162246
1131876123
403543413
163359976
406183085
1909253270
1003411937
1723104475
481945006
815489273
1338672969
1143593891
1240069016
1693017349
1338658196
1223353277
414688764
346147499
2048705956
1123807330
1603120320
1629394057
517399465
1936517358
1060037305
503648257
2101004548
804952041
1192383757
1055650286
944130825
2085546004
40042761
1347674238
101422332
446225846
1109443861
1104834269
21846673
1591388867
1920323543
1360519643
587499111
1012908911
906053344
1926157307
88778540
1320742109
124821158
2137484497
297065791
1727941479
1619394906
814465256
1516975189
531948563
1318113514
1470496089
1336900604
363013623
378662728
133547781
301075979
418705489
1481222020
402498312
864931336
443182233
1507332581
886778009
2034571100
1280172476
99814004
474586563
145597740
1005867349
253260223
234376280
179125810
378081381
224377129
476191601
2106022860
1843772036
1290656858
1475514402
228236951
461286724
798526843
1565137556
824300347
1177189571
1698685337
1125376327
1595895061
1032423709
1527874639
313342749
1475605942
887723572
1200120758
1362693395
20412401
1299934763
1837279958
166010141
158318464
2090540181
400386421
337444274
321137915
624763551
813635875
279677127
321051939
2104292733
1755191529
549288890
418095809
406234725
2114426446
1242396157
1583424296
1665628136
220288836
1031835709
550568197
1748163475
1345178458
2026174140
488403399
397815569
1241383887
508815800
1697750332
931180197
674825941
1856068796
874236731
1075212363
46029422
1195374646
1699975914
859665297
1475051773
2021027853
816474383
1082759655
422833095
1234570192
1488994380
389775894
329482701
924935028
2055404030
549771537
1956770738
458488579
150451364
1154465548
337179071
638854764
1552281117
1578562958
1147670564
1102547801
362259508
1822496506
811132949
1236496239
750225221
857162371
284387237
302717487
1716827669
1759439010
176261692
385818404
694715017
599094787
1620388596
36225749
988870681
1949871298
961160778
896791063
352159187
770447868
1355279643
502610552
1924913416
1692458714
1141465316
1329710886
1123538025
141652232
284775039
1485797533
1964148738
1095907989
574810124
566890311
1953070360
859197361
869607798
1522414381
471152723
1045869490
1908232785
1165867741
1644964278
1381137734
1202093490
486351311
1183525384
15770620
1383142375
1535684571
786218488
590938370
2038295123
563648257
135913436
1032276791
1893359143
1259451461
1173929024
30650534
597765346
990594114
1126558523
1172575470
1557484426
932145236
2031772831
279608576
307075969
355441907
1325478067
67825107
1521309648
822958697
1448962841
575919490
1309310008
485004577
591690111
544968735
2020689148
1377908599
1135907105
1911500624
1941556856
1271820542
796293767
1687432351
383788355
1970222791
1718082886
981553702
813333258
697157761
6645524
223334036
1629302997
2038418356
502942612
1936378967
246376615
1828420679
2004204074
1767686263
503895728
1305683267
196122105
1813205737
1790687844
787812216
210690824
1663893344
18237168
1346597930
1427910320
1959794024
470934824
76720440
1499742728
854723179
2046943231
1070341966
1836276881
712792841
1767499727
1842922406
936126877
1249319077
1733857114
1439069490
1038214396
1980233729
1120006521
894934822
1600436344
1623902250
53134441
1796558449
1289624339
1843822285
436887018
1500315163
1360231981
455124186
699429445
640658654
267434562
1170364269
717379094
1767177290
2025087449
616838677
690035608
1713880682
1329631519
310051688
1409319440
118274748
1559370765
995692906
1557344238
450101513
828442987
529867112
1345036335
281395683
6285714
1398170776
2077954133
1295910053
1094509413
367357503
648741568
307257746
822481689
1348171014
947916400
1089916251
371051635
1665295494
709609894
248655436
134650524
1399645502
1962536119
1464282043
1709697190
1224371911
1582556791
1121584307
72581170
992417382
1571685820
901024157
1522284494
769238507
1182419841
1528570208
19925635
1112890326
676996613
1114435048
1480247829
1325738181
1421692795
155245870
526425547
222125547
1245162121
897477183
1887421042
1954772015
1146132619
2022071566
1206933870
961185090
1338869961
769147412
38073354
773943104
1890731720
110654524
1766360486
1314933892
1011678681
1141161332
2084172400
46614874
522247892
2104098035
1159505200
1199244505
1071049436
492269381
377499039
345258583
647515251
903924586
567384130
1892677373
1801401769
307321524
1699965740
800050741
181909442
759415962
1761235831
1520779403
1528563375
1799309185
147238860
1271811447
1909963709
1913599346
439261691
774158743
907277031
375950443
820773617
1429524923
332564831
1980278818
481285781
1403614267
325064551
858784820
1748872850
972579803
1762709406
168773332
717773528
1416627528
476094857
270255620
69194621
658004299
1029671583
1830430452
31300055
410751310
1482255990
178538915
1682562757
1244736051
2092138261
2121824448
2018894794
851931644
350291244
692184764
133972920
682856075
524979934
615258701
2086470342
850044485
1474043521
1687859544
1822624288
1089269279
1856632876
392914168
358413159
185244085
663169789
427607780
843248385
1692841372
110554585
874548440
2103592682
1592810575
1053087355
1638671791
690062978
997741968
1613012591
561474125
1849673613
1963303835
1253658889
1983646533
498676262
1778638823
451421586
437662956
481199660
1925465107
2125522500
156340301
867250738
1834671729
549254469
1225663898
2019915814
1212424258
1653271678
715680551
757781982
1763826263
1590228991
713891016
1209153190
495832698
205079159
1899216169
1493574667
1818091751
313206646
1195764632
1633911938
1566865535
1031927517
2132588201
1198020710
1483349103
422767509
1679220370
1261330562
400806362
1835560671
2128581300
87994443
237331493
1206761550
2107910257
1449755751
712549581
676107161
60054086
328892196
118852504
773945102
1538045387
614685203
979024262
1289777908
2108259870
649632365
1602984554
1156540854
136060655
1022366441
40984723
121165208
72903503
1524333826
543932718
1752123873
638180740
944739080
1440200897
619278392
1032733523
1677532390
1826039943
993160132
979804493
391105876
1669267293
1039858579
719998072
1788119798
1813803682
110559811
255321353
645344296
1400337719
216097575
1294976661
855838625
1372638429
1431037316
1878205066
1413623152
1552202525
1951108569
790473330
2096135243
1555748795
1428654070
893390675
848466044
2047932462
1926124198
378514786
1726488757
771800682
1358319279
2117594633
293584328
250694211
690109058
2081704126
2064497893
800668869
189541831
562358541
53522941
405639406
1857335202
909361566
1778277835
1140888870
640082985
1044417339
545607747
443707906
1834890669
494259342
1999456701
1116061091
1387650017
700439097
1016509905
1166290567
1078953883
595515015
1938091250
289789515
565626000
84191930
540483726
1255735058
18412408
457497971
2056403928
207954239
1019856512
2109926869
613593645
729708066
871804787
244387832
1870596936
1511887772
1288805171
268721036
1955595679
976212192
762980378
1807568732
2092273283
3146748
360524182
961299540
1169437315
1439478065
1556814555
960044917
1729267580
2122440556
1044236847
122267658
1230691966
1062649255
579765629
1139612246
1270603494
1599622141
1102055467
1884197139
181846559
1973860255
2128584971
2052443496
1338264379
1269906494
173680884
1146376410
98635038
936661262
806461495
43424673
939808010
1166985677
1004724214
2109245326
458980094
414055121
921806595
40764027
389012029
1966043443
163031685
1619703996
881209050
742797315
611832594
4328897
194935808
1713888062
1888526036
376782368
1540264669
1869627360
281742216
731045400
992050206
455423100
1877421811
1090685245
1392084362
536399658
1134109918
184408725
1703385335
2138834132
146170403
14881781
405405606
1067976998
55645808
794417635
886536793
218677494
266637983
1767745844
961474809
878470578
1772074741
1156410617
444874992
1513117129
1533192985
1985139661
1235260841
1814935201
568701413
79827400
122874653
298639576
1170512645
1514959016
835039234
157138915
1699367741
390940921
148489400
1845538144
405822703
553895006
766031494
461468511
1348312641
1652568288
680146005
1614950625
1272830484
1641620814
345937555
897421577
650547784
790812547
263055058
36257121
628468560
1498315900
1851192323
1197169973
1578143300
1974066976
1495809550
601172297
1341542344
183365136
758311212
893426437
574306058
906800612
591480933
980128761
1460695618
1357512428
1441597272
661524612
862597068
2121743278
128991589
2135427552
1615880444
474929144
885365481
118944580
1265741691
1148420539
155201702
1894210251
499252791
2006394025
943896576
2077396091
1832977353
292222478
531084740
1027036050
475587615
1289395953
1920462487
1049893673
48712917
364459773
2030022434
1509408536
1721972201
1324136058
23449500
437085621
1298395688
152441089
425029525
766792485
627370233
1310395006
885737065
1893111924
311331897
1040938767
1639838527
810584689
899849144
436251455
740497132
585342850
728473934
1271581873
1612378900
1204061549
413494178
1385357739
106471574
462207095
1749817512
2136494008
1971615631
1324306065
1313146418
1995065131
1761391686
464058459
22572
38937563
1230850944
627392805
1349332569
2116588009
373021081
1660664467
1010043129
2012859608
323765508
1909892273
301627416
1064262640
347751475
1030101350
188360865
1960130375
86679251
601855043
1198004467
193150825
1064062139
800338331
182161185
888194122
2124644397
1495307603
735775606
1738552435
1959366062
735798178
1777489999
1042733358
1363190984
979338920
1011837720
1736212065
492519739
2021880849
1601588026
816285247
1784289474
1903215442
1880547888
2132040950
785833144
2068908753
1944687677
872512395
523280149
995208496
1065663220
1587342288
1795546828
1247824405
328052762
1772707577
595648360
1063828368
1363776364
407530775
1799626547
993782715
1450264133
1015333883
1973121636
314618205
604062300
318157727
189015406
58166678
1134442975
1973304881
1961382120
867507215
1957862183
599731616
788932320
1755066212
1472244011
1312212469
602791061
390423583
752071109
250854241
1638247988
1080123872
2023561818
86412701
2143952240
1239854534
493943476
1796095139
86153602
1944207609
663945374
2059275238
111342167
1268007675
229949317
300357573
1326174353
1364392292
126178806
1140072826
84415859
2084040989
1739804442
873348180
1691623554
1064564806
38077001
146930967
1454988389
790148111
397785208
945752730
1870271983
273863378
1032165431
1866740575
1513717912
1526108907
1515352067
1599871514
1322832868
31813793
1511663104
1434175035
1299821468
1741612422
1734532609
478512174
958521066
1860711415
1618585000
1042936926
1797268757
1210905794
1916285106
1341408663
127986952
1954362107
1488339630
1582975342
597026570
1886124838
381244424
319814905
12504568
1413409855
39071833
1526222480
792035114
1554423900
978610347
2114867982
1586237693
342789803
1401559370
738575514
2084402225
988608331
1217087688
895439644
701836098
688189040
1938376570
351621207
1899094834
1707178028
1693029870
2027081787
1514056487
1033885852
1462573481
2111083058
772527042
1843817905
283414315
785031610
1109744112
322486148
163770443
1901779226
1876910048
1142380790
1869163560
1315664094
1485170593
1123239282
2054239608
1422089171
2111847613
1123843648
170045167
666200064
1812032688
2108421737
1017821271
1563643874
1668116117
563367494
1443242013
1034688956
1597253346
758331846
998288366
222296741
454666103
1281702682
1007328351
1564410215
1604188830
1171098794
1318705793
1333615231
165995936
1040385706
501795677
1651166530
16141340
408551637
925772053
2127988954
1532395285
1095817220
646705370
1196944325
1056755309
1664526641
613104551
577387778
80410487
2056346565
1612076734
1677663834
667194763
462881453
1899960575
1121860867
1744584135
759805278
538787434
1201289317
1930904073
1857493228
387420900
2096900009
750395286
889216577
1600582891
766536626
1297768214
378871296
747041932
682679851
1474688516
1393747302
1879624176
383960177
910790296
345245080
961347955
991200783
254107997
425941042
521380969
921302760
888822495
273857896
2043163627
485922982
1033663175
434467414
1687212299
817083600
144476994
2074633200
766499961
894872280
816366129
219599205
1661408906
2114134344
598470501
260967191
649330547
2073159018
1654714493
381471076
309635547
418021141
726716156
1270983503
1409221925
980824153
1696924545
1930602894
1902126913
438263392
56977143
1797806893
924186374
1090640318
84790659
463915025
1907723918
229267653
391064577
526740231
1124139933
1207430707
746339436
638065191
1174081403
1344809938
899032382
1823411950
1270485308
406263228
57399378
1580120855
824284369
784115534
703620710
86022646
1764939687
253061607
2016625541
1519582953
691324999
2073602684
1169906198
1615511373
1016759354
1254696857
2079426399
776999624
1483964510
323007328
1303739855
460620795
1530438035
2050079292
1098685986
557035790
1247405582
1997718369
232964093
370407242
256497949
290363471
1950528097
1080782318
1074479006
506665160
1166804965
691935045
759726767
1035946858
64034350
1451051767
962065894
1233940548
919079492
1978825248
341153757
851022243
608341224
1825118267
1174029572
1912081079
138255414
556983959
1814676723
1236941401
1114019750
914598657
1087176122
1346983843
1285005899
1343674071
1637347314
1088050349
276972741
564342672
1594715509
1443777706
1256277718
206958628
332240916
1320312068
1658010395
1294306810
406768969
429606240
1125648410
747922726
1280628483
1733989634
425557346
307174407
1498587066
563812760
864158367
1165780141
1800754161
1978178117
2080378799
740446635
1177678312
1217901050
2084120706
667541978
158467751
213609800
1231884651
1753183260
1657387506
340678721
1960141889
1989628423
1660990789
1470668636
1136451585
2067759758
1900274876
114616348
668198837
1033419712
1848605982
1093756183
1340594119
1199709400
1657568943
57268838
218005894
1310839457
2035446955
150901045
2051286092
1065641619
1368802095
1987923151
1733183598
1527269847
54049303
817584601
1132969459
1711436809
1158263322
945627700
1553581584
671770463
268812689
542549522
592046574
21603917
657165870
1260245411
1055023629
358288204
206517946
248134101
1557997605
1864086889
305402939
1776003499
1027442698
193366247
1926904544
931245143
1259007866
1148222991
771684646
844707816
528009190
825733949
1662292417
1660978650
389687110
673072091
459122702
1943268695
1344842555
727935391
338334569
1936889129
749539309
995500439
1049650892
1804562938
1353788643
1256168838
2052697039
764302600
972772079
210616331
392822451
2000214778
403982578
172243347
783976273
1662990444
1320466339
1555660919
360214613
1848475529
233911220
2022507030
1361970531
623598330
548095474
1821093234
419383377
1892938029
401544977
757717946
1682343510
1151084286
1753218385
584510754
808163577
959523381
1840679592
713376968
1723825981
665968023
923993299
2116648433
518699153
1327975877
141408132
1302675426
843482674
1461874471
710852697
1203697287
1162866353
944763917
1078720669
377353236
1568362248
1626816143
50962822
1987745625
1372270524
452507800
597979924
907130386
1603592086
203714661
1491641140
264272015
1163238042
1184837084
977648984
739580376
1850805108
1901642283
708745161
222020613
1082134513
850153293
1524696040
1925617187
164544117
88065089
981830826
1327410470
1032829007
2060551495
1704763706
453707607
1539883991
1755726529
293969584
764670867
60750681
891949508
1671801254
1664342767
1095664170
1015958746
1928614783
111418564
53312183
758780119
850998940
1904117291
512938754
1559744101
2126137904
1595073267
262413747
1503350296
1373206806
426957864
1591415386
207553984
1754368334
476760745
120621832
1311648392
930468352
1660505823
919891273
1224437936
277693042
980641954
2116387445
1949494296
497501074
1064567967
817969395
278632209
1175986531
871281578
1037412328
2026985472
627915221
1550351082
1439245925
606569477
997940702
1701659672
2109919774
223663860
2128617536
1553851512
431217845
1735502222
2030612257
551839677
899666967
813596961
64861852
1819558240
2038034897
342554894
652716547
2006938694
144565543
1150217621
924023013
962534938
1428849830
2100009545
1833816516
318778510
1979511369
314248089
1869129592
1271273646
920817566
719586646
825449671
883253692
943250507
806583559
289621556
1374468352
394602134
172750165
1926308029
1294269101
986347126
1991169881
966343693
876898376
186241127
1619060240
736353422
330806670
621794213
1660376436
1293341608
2050644043
1612902333
979674476
221938905
1444930054
1293922565
2091068498
568720052
67256484
663171496
1394169723
950510176
1606422003
53269635
1240131733
833406707
447871769
1412881898
612231088
1742140870
251745377
455917321
561000915
1128643753
642158449
32577508
1864997175
972965119
654371721
1377889963
118823080
557532117
843308648
1098497556
779471022
140755054
244936474
723055872
709475107
312192958
1386227369
2103644830
1262703134
845165724
9430817
355351219
1678572432
457302586
1768233118
143319872
51959808
2019978495
599237194
612960724
1001138600
1241395643
645538232
718652127
66877114
1299909953
2096542091
185700194
1857442070
792367091
1284197751
489429445
933122146
1529134225
1212485317
1642597253
1841327183
451229038
1598758435
956546669
1296394763
1608189253
1311897889
827483547
2065491839
932647359
970803419
2117451648
805142206
1570040613
582928724
1806280806
663952608
1228466956
377449285
730829723
380893261
326507728
916529917
90851684
1118874820
53244020
580281129
2051996966
1582378245
1792766446
1547110571
1276221780
96511837
998385358
85284802
1392906600
459090963
1397182691
72906499
377099155
182346402
1043709918
347067155
987488608
466266884
929995879
646285766
1130219492
10979187
1023735051
1861049215
391872448
1350242780
630095485
482724132
321633952
683339505
1063005261
226147270
118234103
708288060
1773257841
1394455883
804799897
624159551
1479740685
50222849
1083250515
729439728
123129348
1460349670
911786130
1166839266
1807416825
1899274738
1633106150
589929056
398076856
615841995
600908243
1421811908
329407562
992780691
624571040
959503047
1475504824
946204992
1642842553
391026437
1172352262
1761076656
1099314497
798126455
1008048891
1904114394
1422286006
340305929
1954337243
358052873
1069745657
2077466591
1818402543
1981531788
1096822210
1478335720
1733322878
582444712
2068264776
2131399735
1198286707
521689371
1405727995
1527694270
1514470063
2030299035
339713669
842491239
829020379
1982556222
1233517676
2001372641
1596149230
185348526
652015448
456714474
2089462920
2074301454
797020403
1896316516
284870680
1866766060
1826299459
2103273223
1700814200
775638021
1434125296
1286653431
1358082734
1354906424
1270569518
408885793
1876595796
528813865
1936580063
1243582211
411629252
128810085
2086073450
1240649631
2111366307
1172107478
1094538624
1560031890
1357456004
1746554072
2016746364
1299435277
1673371878
666283119
1048268145
1958242558
385565531
727083956
1914032134
2086379732
1502721978
1200673782
1225549515
713321064
408096558
348635385
1122206857
137208706
877449250
911303273
1380790917
1289078502
1040113358
1319380719
382244485
1003996017
344004550
1476783109
416544259
1701460554
1075853533
285806975
853412183
601741763
952090094
1901680328
412500674
1337655626
481280637
179049160
1276551710
1984002615
1379722942
354617577
549840031
1787819500
703252962
1672046888
1925028207
1580702212
435866513
1158335476
722297066
1475979871
330232548
1104541551
332492241
674237098
433841012
749036500
228214004
1509694545
1034843476
1081626188
2111436308
1986933570
835822868
376453334
1177105548
1317103505
555502494
306173610
1153622472
1935225436
660791187
1703462503
1575561289
1364044149
1228025744
1353105848
797262713
1663892257
363957676
1519559779
992388481
694190224
476617682
1324880722
1368427322
910458694
2073917222
1596641327
272669591
961277050
530783867
236622252
800726973
1366606735
613075586
1977832521
536226593
1168578081
136522484
1689849065
956319869
797313671
1245827921
384397510
13874173
326370017
1737503358
811136886
1990262274
2101461035
183213018
835167107
648167611
659830700
12564181
2016594934
1570289395
2086481404
1465752613
1842958986
900274806
1996536480
2079581238
1701001779
1215659567
545173177
1531350653
1751886160
1713751258
1667873137
1294251578
522587479
317703160
392595851
906984990
331577333
718965868
497004700
1142714220
561744494
450982087
1325927238
1396911602
1099149699
1985757938
1409475783
968260985
1408563685
1348473539
286529950
1104039024
101264698
135582782
1036136614
1802266477
1351242349
1581309791
1186133482
955644862
1147577401
706522971
102412792
1670164881
1024226132
495008643
429666223
1355803465
1213974511
926670923
351034037
1775719005
1377653011
1676961275
1025146959
329319062
1515235566
287139095
1297580047
776315603
1635612634
1584109997
1880354627
1736877332
1719692779
769007594
1391660162
923451480
202833737
430309996
1879096342
1350411139
1136832968
1981509134
873092372
13575452
329034129
1302758595
1369378917
1543008640
81945870
1720412955
1171243998
1459598881
1249890582
48907309
1788917943
617642500
336046404
939014342
1393958104
1971659039
375640691
1126829083
1561052723
2095333470
1895836677
805229237
871301303
2098670415
1235539234
602913997
1301597906
224888554
436939484
27206630
238464006
765973613
1329965225
1607842923
161498606
1411911095
1180772230
1332742604
724026329
283179165
1381649913
365460624
900821665
1717696318
1304474967
147296121
1541871709
1680115658
1274125205
955440784
1627965481
1022478234
1760670022
351783136
973665001
848725608
954697133
127779259
1073614162
1391636617
154985889
1312078168
10126583
1484951114
772437443
171625189
749378562
1953209674
1504367793
1473404891
88905191
738534058
1838865515
989726856
308746728
995856834
1137022978
1850618437
528488845
263664535
658575574
8970678
1286142769
271761948
360753814
112324123
1120487556
1315450947
240103382
46618070
559603917
395089272
1358696238
569730500
1880040386
2131133681
741355689
481935300
1936859707
98239834
1955340191
2025764898
836773892
1646722059
868008107
1145520621
495095245
2005031085
848655410
1023584090
121211972
1507230984
1032554768
1407354741
1778992932
1393308582
1519678864
751996840
561275882
1759782247
798614910
1120879799
7387871
9827500
1690610299
1887428257
2140961182
284482340
221879910
1930337241
382722174
29736453
1808618492
1219496066
1676458512
529142951
217533039
24070110
386690388
1066188450
1047654200
507902360
425935786
2080208969
1915257101
57445071
1326033903
1287452318
809441911
1887309785
899750917
1608056822
860705936
907138788
1617884322
403832587
647083397
1611361856
688314927
868963307
1394215450
1071037101
898699761
1055350294
143049520
427674625
1584493245
360582559
451744735
1971183633
1426771009
1499398936
331602345
1852706796
1432124257
99375798
1910151867
610674512
1386828116
572110130
350500650
139095385
32683304
1211206586
1046234173
1650567627
1615039174
1693317571
1114445835
155870453
414797230
361177637
1226907555
1313496991
1416527931
1369957075
1741171617
853537528
1730539634
45432704
677237513
1009826996
1544831640
1008839858
715050144
829472249
1108215657
477718363
1440146762
347560125
1049828493
1790647412
486655511
1082511798
854370350
1532889684
585595777
321925876
1078723607
1700041612
477796330
1493520838
2061219250
1704703885
659534181
1330263533
927177312
253222150
36317414
510233298
298654855
713554927
1520060294
1843486495
1722394786
87626790
525475097
683126795
565345153
1965621859
1030686920
1615173647
1608785623
1517342431
550201797
315672325
902748468
1135797574
637598202
1981472075
688355538
1115394532
1327509265
602091140
672614769
1987043447
1932354674
1599792081
92781949
1968672088
2110025379
391436804
534743367
1482602026
87439652
109654505
1570228816
612914749
792781300
2135573970
431052960
1823468221
1603263969
2039838583
1193327004
5982118
208027260
2096075472
1141779692
845625462
1930063900
1830135230
1961019994
1110089517
284742723
486151115
949649316
69613749
2085943196
1042431266
2038285837
2048484928
1433868070
425545556
1383603306
1521307722
535200062
806348474
2134222471
1327981362
794438796
417791783
1003965935
250219117
310146718
49809292
256201235
518173979
2145884764
1397980927
1363799441
1928465016
1080632510
1177335788
891070886
1365375233
1663486903
1840720202
1434988982
1601946452
735667820
1325791171
1502947732
22052243
1751336727
739067390
1543359965
139053141
1545415864
1530098789
1467034504
192371013
1947890572
323516791
442590130
110553643
373326083
698791366
628727622
371727200
2096772293
1992527063
152708568
1029921155
1022379203
1043779454
247812740
538382459
737016009
1682801722
2140328911
1472683829
861109245
1495792995
1494736072
464962325
87376737
890612390
604015466
1632792601
273227531
2071049970
1825163614
73634455
247083114
120270097
184188098
620409197
819061463
812915720
992136397
768350108
657959136
1144844966
1798271264
1680338339
41140772
2046084004
71237150
778156781
1581402079
64082413
103356963
295027676
1559875408
1598093035
759990001
1647252145
341221777
1364005468
1132561099
614449308
1287571790
810241065
688083764
1534654904
930511162
872271862
7580454
1749572625
1685187583
999716851
370439086
195663071
2144561817
21226702
1876001410
38218942
2067310706
1947238561
816375723
1501229137
2011320974
919732686
1796256814
1423712735
370342074
408763167
923481232
711563851
1772768635
2056042331
1326013160
912856778
718799749
2014096924
300028034
1649310911
738885138
307608488
1251399889
276589073
1307325340
1621838975
472252144
1304403509
1643065677
200769907
1342622451
1562892735
524820
11514527
916638225
2011845794
931247213
565411391
1288074881
1301589287
974174558
64072466
2013153139
599459546
2120114797
1191682651
1512316324
691430898
1058295927
1812344358
193258162
1797181065
2119952847
1444658051
2073770139
1279794539
919013378
398538635
436714400
414595407
599308542
1779336852
1977488142
599833362
1790851379
746642719
464195509
574614944
1312054110
1752270390
1876204232
138745021
1816342856
1741873723
738204567
1788974006
786072726
103037243
332921256
1844368653
1915381601
526179418
1494066070
1887850800
1970837469
1420352561
1020161691
742367199
1818891197
1456876092
1156962606
270716091
1088729296
986967101
870549454
732097027
1733609820
1334744963
1306711971
898180283
939531705
1035432555
1036925304
608390914
629822630
1775129871
249881272
1415895356
1878167114
582802528
1112780361
1646065067
1108981947
459362784
1386432220
932335768
1879715345
259110263
1674702968
1551122894
1715986355
684181926
1821838986
657232003
1671149027
544904792
1389329030
1257275200
1879649755
548557354
7971835
671697812
1583989909
1044897139
1280088726
66328892
672543362
1529969998
1482224248
403226828
2112772527
447520962
2049291895
1074270826
906883746
1288240467
2006606594
639115443
1547350731
1533825914
42754690
1115853438
70524193
1864593676
1773085442
1741673220
262014820
1014930824
851464772
2141664575
1563488178
859436607
665878739
999994440
1904333746
1945967466
1066323332
429393460
1328453816
401063932
832620288
1293742695
848584894
734428536
220529873
1755468640
2022669003
79652820
247100436
1422536086
1613478734
289855126
390905877
1684002927
6965154
16507671
1278192500
268979974
1031438495
2129657272
263160901
447443026
841610232
929039640
1447437466
598460330
727523458
366277150
1027853791
2055977275
767341082
1860474079
1202236322
1615925977
447418967
1422766196
1223910969
322604323
1502419016
1471011405
1745140409
968414102
1760866531
2136046286
504933382
1767831685
5070309
1783125882
2036811659
1036508805
1765299506
152488912
1483951831
459426090
1081528553
783905649
1057886421
1809052011
1150182799
2085740212
1717545638
1917523881
1798730643
772298313
1385966210
98665963
47580861
462393532
421270286
1549999877
1933404937
18927047
370930331
1546787821
7489686
875863713
1167135858
12559995
511505947
1056463870
1049068800
129321806
1208952782
385536983
588747896
142997687
1169442632
1646634317
1952049699
172141783
1584890881
1522111689
2089665665
1236137877
146926354
1328148227
1334803840
194507215
1790541759
1756074126
1744507092
1576463049
1775001173
2115437424
975767222
1782490859
843817489
2142903080
1795050855
1355323437
1051883302
696636007
1484645243
113352437
1082172991
2073393139
256350124
104131975
1572543809
60916175
276273759
1009951042
1583027865
218455776
98605271
1729954219
1546604003
1433409111
1924461435
1189662115
1041999589
1521484879
618641516
669517115
1489438655
1594408738
304524326
185772497
1589828170
2099575181
1541095934
494227825
648727541
878257529
607580262
1730900532
804167020
863930386
1835032507
229227181
924846562
2111306266
1239178224
360390779
182278394
1337783495
2090344998
1728882398
623708959
1867322785
771060865
1665708548
1241324017
1389702381
187742015
583279024
836627471
492266342
769051521
278971993
444357875
162663807
773199818
1093085416
1040921336
1380780080
676502300
1845088357
97226819
364051160
2074315538
1022073381
327873778
1166010114
1382464160
510152173
356309962
1325325510
91550923
980018921
1045164648
862611788
498243821
139005017
104830521
685985837
722284041
941457992
1178252179
1491335563
1220429985
1622610054
1653999370
1993629804
568211823
547437059
1226926236
1244714123
245041768
1324153055
1608765283
171873658
198742788
1936639062
1337883773
1581206948
299307587
1694193735
759048811
390858510
526729008
1804213459
1253470298
1024972829
1943218476
1358300819
1710958666
518018869
152275163
741727197
2009354432
1372705148
216853604
1515870155
1218851304
785065427
2063307214
298293893
2029779550
160865334
1622446948
1491061186
332738992
1821189737
1280216600
1670622765
1254913037
1579524187
1217332852
2013961848
1970382697
1744061860
1670691659
1076369347
621551042
1466426487
287186518
185026060
1984445357
439461681
926753258
1846316141
1812166829
1143606862
1214702648
883534486
1928672289
1130526214
1181828379
1810968191
1291391548
656791679
1154545729
1624130541
330497768
287278681
1147269658
1585410806
1866802868
217118863
1451889006
1689701917
1961180723
975097018
618587616
435248117
294039857
905774134
620274178
131001566
1345235815
1547027436
1977317708
1009918997
543150650
1044536708
1893453483
324339291
27579275
927798214
2135307482
1318970823
1584589893
1142369564
795617716
1915087662
1429648245
1942887375
1353014820
1148967466
12522590
657420178
691185735
1973703313
1632517196
1309773352
261467783
1926557054
68063838
881741961
2057558620
1413299654
281285749
1887392680
275735003
824436399
784445741
21704838
1148775690
812025016
949503052
1136599524
2130995839
386609297
131485440
779129908
154213311
1561133686
574533635
1507228131
562617504
587056225
17164662
1253803239
413275890
1649681858
416092943
674743673
1428755264
484156782
1556485634
1338830237
1897456436
1837771383
1078739269
25707791
514724134
1863185010
47412629
1663499824
527726378
996915681
652615701
511238570
1383524978
784101141
1290368478
1537738290
197751179
1864902113
897482773
760368683
304474690
914647435
2014171923
717750580
416845646
282781218
1392494254
1845600910
766938000
801496240
1036947499
516910788
491783976
2115686769
542618579
1006508110
1831388131
590031208
522524287
211630862
1586946889
1175139988
722869432
822988220
1959241129
2013237910
213242862
9508661
1730656375
1110725635
769877344
2035131065
2025373071
636565619
605397997
294735069
919346838
1997892251
2140335979
1686284838
651904844
1029799831
55711979
1143688820
998002952
598330558
2713282
681907435
1188361767
525237569
893538297
627825008
1700377557
1616407729
1450813228
1512135039
1482161991
1664056090
1521643700
1065334718
627298078
144037396
952982135
505187501
780603016
1558380133
799922570
1699949854
1408788736
792774901
1238751044
2060693580
1822574732
1294463023
1056898752
673094036
1892793582
1059612035
1355001472
933671701
1584849604
101056121
1561496709
1137743514
1717463851
864826290
502394905
1052142194
381398732
2024038605
2117476913
1008696810
20592353
922975400
1513884311
801195369
333871885
166323233
353661575
1742660622
959098135
1592412620
1655870554
634189219
739391995
565285659
1307283256
484701929
1624897694
514801080
1418373630
1062263650
615857201
832386692
52523516
185837404
1697212982
554918421
1237979599
2078611714
431473378
1207972864
939824877
452065732
2130948264
306225540
1253261101
317336502
472548774
1606922677
2059997124
1431646909
1051851649
1568384030
2065836128
1791243644
2133669689
1225635736
128461926
1611083735
1740436816
1546835556
525863738
208810370
231738600
578387254
394647774
1928951582
1133305676
1632627373
1860079649
1564779054
693116589
652420878
2016844786
676581206
958646418
1122622240
993917708
1431195192
582061269
906431184
715358453
1633912918
327331566
633710934
1277672914
313517608
1859346670
1406134840
1924601343
1452299839
805486749
302981433
1661110209
1037225349
881368688
2055757983
818693284
2014674364
1540901709
531289285
1431969770
86534650
1183710163
1301330909
763115856
2142356581
276469501
1757033564
1426068126
858530770
515981100
2141426579
344960040
843312667
627653865
1622632954
1156830275
339516888
881284147
933947970
1791816727
1686770896
1236929404
1305443288
576512597
2118298092
1213717623
1395205881
1985488808
607135684
1926495166
1269974930
693670335
962721681
423822191
1456786191
957594615
700291692
1066336108
236179093
1558822462
1582317208
230122024
1903782502
278146227
857775890
1378931809
1434976502
1197292778
112732308
221440825
841625857
1799503204
1458370229
2147069145
228532153
1429184673
1213303120
1623738035
1267189833
1820438805
1402749553
389681115
366625492
217987587
813503307
1823411683
1175582202
1513794999
742264143
1411761295
925133814
177097704
1641883319
681432668
455243931
352175561
2060364477
1890220434
1549468339
25613137
2111661259
243610548
1825116341
1422547840
243196045
2053648495
704248865
1456499166
1529902882
1971438698
1129454323
785168787
213636165
1496079815
1003156374
1027139472
1172007850
31254928
393450824
1914271994
1443016223
1318584638
2091369698
937415895
2000017306
399129981
1289591456
1912898136
141866767
691576148
1938511273
106044378
935186696
1616143967
1528592218
1178382742
1522308814
85357435
487398260
904728048
2056796133
1616852583
1689896835
122948651
965448750
545569562
1150088123
2137456600
576824490
1543538947
1904244946
2019840714
714639937
1848130996
809772961
567173596
99777330
2099364417
332588084
241644097
643456917
123615709
347688476
1578643614
1739759676
1876280694
609542708
1114584842
1961638130
1096940968
2019312890
1870950615
566309903
1561726078
1993899266
1531758653
2107295640
996503742
1521731605
536636482
392559041
1278492904
408993548
1107198979
979140252
1218766509
1674372575
1078917582
1170647279
2006960659
1320561680
1814104196
2130576368
1668250156
1245264162
1722852397
1397047202
1854806870
689953591
1211201684
804264190
561782834
934668652
1370574093
2123508912
781084270
754849098
2083320904
1777588012
129097056
472473738
22663406
1407589960
881467287
1129862385
239246564
2100233796
656751312
1318164147
1123397427
516228323
491242179
790017976
499321043
12008687
2035282138
74689792
1409055889
1742605361
764643384
472773926
399385903
1326426218
1407442578
1769959997
1302451482
41043200
377325447
1238288738
1818631213
506422503
1710762476
1841294619
1914012463
444746115
823673356
5775380
397496264
1480424668
1323939527
1520893691
1996652991
1815181706
163428019
348490386
1827190393
51226510
423180179
1088762634
1793831871
1187823563
1561536560
45734126
366766133
821495490
1815694123
1669217615
862538691
45535923
760022705
533686256
551958426
323301533
227497227
318487242
768047649
1051170583
324262622
1165543913
384111603
1648202149
538953956
233280946
1315900207
702381976
581771332
995606952
753608486
1004951511
2084369586
399956709
45291426
1498422499
445690835
412057559
172434341
113901311
2081275174
1034973032
159437234
693814231
1568659288
711395660
1017115765
1796156515
1029882902
1785163414
699843450
1354145524
803223679
1083955053
854864025
1342177635
1317235999
23280584
2044559611
1899007332
1018887536
650684449
756475195
955773475
1050641158
801766622
306712326
1496331994
1213824181
479146667
1610233305
1147615708
1514119700
1769670539
1841429939
935295340
333582551
711062056
583968208
1363465454
348741822
1283811658
570127330
1151965501
220283064
1424991356
346659489
1537519063
1448271940
243735452
1289042747
319675829
894419902
2045517943
1275449304
1945061060
699800917
1582161630
1293909406
1913625098
2061308297
756659063
913757158
1427944349
378845954
607703450
215756042
712428506
1318765506
799724250
2075893960
1667507329
2083535908
498537642
671989182
156335324
1923528998
1018648671
1693854388
1224317291
1262384124
835413487
1543993120
9320378
733447782
671958776
1954381438
1433248699
106636758
1100807197
1199390150
20461407
1857466260
2113147308
1448405757
88828567
573367110
1664161799
801257073
1892132617
316402401
729667385
1412156298
252454661
1228205027
2084145480
408789986
1004250378
955310504
2102644374
81084021
70210980
790574213
1625077141
79531358
1524021996
149552269
2033912796
809787047
256189027
987236345
2009177197
276650434
697218958
1974840858
1725056191
786047525
400724320
1241734342
1587304598
145373289
1558136743
169488335
1557529587
1810591405
1397693362
1494191420
71897743
254460092
302018276
27058469
335544113
372229256
817632682
1960621254
451760614
194171030
2110173523
338189762
1003958078
218878902
1325426108
865651627
495529337
2022645066
693008837
73101880
661208943
1093733158
1314836223
101029893
1239106447
725489318
270518228
649152387
388597075
1668211590
2143343807
460494818
1922671683
297878435
487553287
110732148
670107691
1305185970
2071353403
1121868305
1499357000
2034043278
1460058067
355831430
105438533
638000527
1221483058
600967870
513161945
1914491895
674069750
1174370888
860741405
1988905973
1275400781
2099847853
566911644
1545919009
601516592
955508719
1066646952
597376751
1416003538
841834987
895255186
1903556825
952567135
1565362877
1061259147
876436890
539747534
413132500
762996521
1999805601
768963930
868435054
490322481
1990446988
1469402924
1003484426
1757455236
2143472674
30371667
470712993
1984895000
1305772448
423077198
404322996
704207810
1024593790
1359831715
1770854762
1621970541
628351605
465206101
369742079
384424783
1417773236
1935104956
1445683930
146726479
327368842
1858816430
909723000
179690796
480296713
1778158054
670013277
323260053
1100077330
1673497703
2080715289
1096066356
1703869370
403944635
933477708
862158171
827021833
1337800704
1566365981
1851615624
550148772
1189737095
1326102517
1178500377
1654943196
1695844597
1562925160
925232784
1483465905
861125443
1071959263
1810834748
572458225
1981682263
1990525544
1052754938
1612356669
513055173
1376014992
564950351
39069228
1309246633
1661016708
1742938599
1713191268
447010768
457613122
392729454
1784811473
2023979103
96861430
187476597
1066232550
1422963947
1365976974
573692098
971324896
781418487
1498924882
307307154
1642543930
423400498
2118141902
67518507
257599113
1961183798
1120273446
1869955783
326755323
348804790
287422486
365824551
1658051423
1948439194
2108763150
1223759044
247966315
418892624
1616488498
2032777788
295388079
1713349928
72770737
1361620629
988830227
1438747711
1935312727
1960155124
72682550
1286753962
119978630
1715226480
1710154460
90636884
1782744988
1967753573
2051820682
755534786
1690225708
231092357
1104339576
1977648195
596916908
614907351
1778603741
558196411
1838666395
2026570056
977089035
1307671245
1911864196
1272477115
873537525
1984634933
486614096
1862367753
1275898997
274443176
1675039229
1348581547
1561197138
1795017859
916324380
1123867950
1885654743
551585720
944137875
1789991777
1307120506
486879936
2021084134
263976434
317044483
470517394
878883785
2095648224
1028713805
570066533
1974734633
2005802841
1877737778
1739115181
1130796308
603791656
1576266467
1617410404
318675761
704681816
1891853580
1993714990
2053263363
1305567070
1641249201
822104095
281951372
1379420296
1373689815
1226089248
1021928425
533326673
1712969184
895528911
797303107
2030013667
1366046305
1676186893
1978178243
247276463
98769778
1805429228
105595656
1976507556
1397060762
1236391964
432815564
825843581
706318720
751491325
1530525397
450688653
597722667
1436305112
1756255723
91488220
110925560
2038207096
1470908516
1484615375
1116812696
345353293
2017942049
682298232
1240882204
667761508
564828251
459444862
196464753
395522846
706721325
295234531
53468427
812316981
124258440
1450529189
2048708945
557074004
128889122
607544017
1308565330
1659414519
1058232670
1906287997
948235983
667004746
1997776218
1059161543
557728194
1321201086
396293271
1674540890
1666554380
266751672
209355474
759952936
934513180
774183725
1219397798
1130977934
1169706571
1926119123
1426212465
1223174998
590952456
1550470905
526220539
492177753
2107544910
655109661
1099721771
1268626592
167040532
10470793
1027430941
1115276516
677475539
877723511
26954411
1235203733
51440950
423247682
762260975
1717995330
689999354
971616449
330464618
1624512535
1745800174
1549862417
608006821
768023098
1328497892
2034219286
1991198096
1919450349
1437206544
369934988
264144454
1397267806
1025044649
1363866225
518410750
1192085182
1374337019
1545841691
159878050
2051812558
276081555
186832461
1139532644
327522505
610080144
1901793619
2045517835
1300079498
725926421
228498805
777108385
324242947
1778361222
1385115206
1092266045
959375467
1271850845
935980494
731342168
561573741
1305915482
995486622
1958841547
183476483
211869200
329768649
1375561665
1586206219
1875610340
1535439715
1490535129
4208247
1722272177
482584125
331730752
184868673
236894097
229764939
1484948171
962820518
458263745
114572909
1287063465
89141319
1499688115
231845863
1048516786
624055312
1167826357
1779858954
1185629053
326258191
627861929
996986952
509734674
839731129
1326755601
1885296340
278453700
1054882294
1273252407
1768988829
1059090541
848040936
104089307
1390821294
1032909609
340983404
1620586233
370374133
1303803922
2078849978
484947042
443383739
20507650
1984635157
675229602
1069024436
461206822
1843055959
701399743
1646835875
21830502
1329261672
496339180
531565177
21509153
1823094781
269377869
299962853
730493427
1542630276
2068951682
1789583969
243187565
25557341
1032921615
1276097174
366540745
506024200
1646471307
1670344667
437390531
2131418349
2113728407
457898181
1968569859
641474361
1526922617
282293033
337046673
80838712
1929128908
358877175
1410100384
277984440
890442352
1431609537
2101079222
1159820221
1731572390
684089001
554966850
1653040425
326189322
798154415
1678597766
1359110937
2074251589
2045138512
1865135138
1573239249
1567999531
155042021
1557173950
1534244290
612940202
1378260161
28235004
2139862819
1660553194
365281677
73217884
1442198455
724158852
1483318268
1720182895
1614601205
767444158
1673778469
626937778
351532900
210383823
1181904628
2004573325
536573145
1980059043
1535687444
1895684083
1906826985
1433342308
1613335573
1332582586
853858191
1768377594
742272888
240618834
233834148
2120533050
268853838
226213319
1633602596
634135515
299431203
928317403
1358294367
1782749472
501016651
825411924
402709982
27311472
1452349703
754242882
237695295
486770683
611332560
774268441
319346079
2147020004
522468876
78689416
1432878664
2135804449
1411272002
139253207
1756698395
6061242
379872041
1990532543
2126594292
648725879
69262214
1612713241
1282861394
368693418
393546996
493672114
3959242
894563647
1319084038
406669224
921875120
623950093
1160912106
1159570415
1110720777
1772244666
1933838856
1430066856
1771781022
308824084
1508756272
1057176038
297144885
772544626
1196429246
2053843280
778605868
1576301287
1896892175
757716513
77543519
1966154390
222946106
1360404913
187364160
616493102
1854077027
191323402
1511056750
1025677418
597992626
285448222
1649627511
1758904732
1445018637
612864640
1383665751
1231373846
2042931496
1007963125
1540197930
1404204120
2065139164
1837342816
29265098
1114084762
1743702448
807870967
542902401
1493110976
1565587480
620445920
1311781718
1788533586
1980850834
1499145878
257543040
1687444213
1690469280
1768599790
565637983
140978258
2054048012
67781847
1899882990
1351583002
680646487
1136065093
435473200
576094336
2144028219
1975671130
1980298456
2061683735
1665530298
2009563555
1028284849
1261749099
669950874
1571187250
607376427
88054706
44149523
1919158145
1876588292
2025000357
1270820375
2134131332
1564960922
813806007
1755247475
2130598906
954784265
1661811839
50897105
707183607
865911193
731543592
1843248701
1301384393
1307637928
1839793272
1129571876
1140452737
1753993359
647618526
1002532644
634794560
1909367625
1672483518
58498162
369260404
1760538224
102647685
140934901
1489642868
2127648042
1411755276
1476290552
1545125317
78077635
1084054379
1528240575
1032861900
598382571
1579137680
1740045508
1464293764
163197624
1435810561
618194510
1470835553
1128120185
1747766386
463804642
734629896
247901264
1466337286
1369424456
9785242
991337156
1427922618
379045646
604391732
1530570304
519980548
2094034600
1510734698
1931735824
1422841504
908376367
2009813460
359412236
289133294
895191712
957794807
1868270974
487753572
274604923
2031468599
1923564133
892799433
1354820504
904200670
493082171
1818625146
1638830566
740983436
1137478784
860771374
750768678
2128815940
141210345
1129814324
585724024
1671780649
1649794872
532274976
1035031699
1434047049
1955116480
1943408067
1296376861
167045068
85057713
44084925
1124839875
1953328688
531838498
1399444799
1837313639
307918983
144760584
1044650495
1212119654
637842756
715791993
703466572
1378826192
1853270777
1564237947
2129594870
1834603069
1705448292
1111925546
272843445
1229745293
614236771
805118421
117293344
2048283820
612751253
2060701411
1197177033
779796322
2145759125
1241261958
1904636197
1951604165
1773100456
1156597348
1641434156
2081019440
1301357933
538601003
1145655446
1939200689
1254392996
1849122018
1170543233
960180125
1265876317
1152654455
647299546
823840961
117096353
920142991
2053586254
731333124
1725261412
23395951
632133296
190529017
2084097362
1829310329
970325339
2082372839
923088640
727477889
1886493356
548705448
1884075237
1380443864
482241240
1037949522
1919044867
1627896686
829666563
1025954215
1329535057
2000209796
1986134340
447927726
1005380603
485950238
1271768688
1122476957
1406093229
1177871294
1853810081
983870993
1201267245
338459730
1174400011
1137880960
20286411
2144725350
1072770151
943375051
724719591
811779860
1492080500
461311181
44740076
1974321740
1499260703
1963784944
1454734779
181443619
842255511
636786188
34169767
680906204
1084713914
1039550371
1166856442
208998954
14543680
425466024
1386870249
1868353761
1409337017
440653846
59329843
436253380
1578534806
79616255
433495083
503821310
1022991306
1158214674
1315601170
367588158
1619525855
1360341246
194426251
971302911
1176642542
1649161030
1152746530
2018898054
138463570
1186916297
552320610
1223177484
78983020
1719177052
1432176439
93526700
2144643076
671563040
1961880462
1406496446
1112216886
2021210305
1842749826
543268045
2100826560
128761261
1047089355
976334219
1286975936
215206877
1343922377
759018143
1575548123
1538348628
1730321054
604707018
1040026010
735583936
476121424
1178489580
1922500234
1028442034
254183417
2001483254
600135438
1686359856
2095009955
597294867
210439248
1909406769
2003791313
1322656134
1783133426
1699057491
1865924179
1736476339
1827818753
765529886
565326910
967311041
980736763
1909249287
1726329184
408801239
1300114268
1309166591
1013508257
192656630
2044750527
1489629681
1371146211
1819767113
370588067
1625329628
1673766720
970723505
1164205836
1621293027
1568018372
1374645084
1383216148
1424326037
549817570
1018865926
975899881
268258102
607858617
656234986
1033787988
1173185527
1623546027
2014524752
934951167
1202391563
275842343
87581787
364074506
1289350600
280238417
261341386
631496633
1651384628
2081108499
1002084700
1129230608
1607391571
1972808205
145952796
1081200950
1393342930
1520597880
316933450
670185319
2070415451
1335799377
1646085200
191189905
1943657994
154836538
1224977893
969359874
1778382565
1092018997
1904311041
833290481
1367861340
1991892828
1197364987
509728292
124647597
1458706373
1141224925
1776032226
1392331225
2143309625
757779186
852239148
1968634183
903731983
1933440099
1214493465
276846215
102889901
1884678784
199778018
1438689278
1383280337
390967923
1234863625
1538116875
1615945817
56739851
1169015793
560481166
1961050892
2002306274
1928342507
1805460072
1052187613
290587151
1930107669
363410339
1431812077
1558656247
1755741564
1427638054
168951786
460497064
1248788589
1072683769
246453515
315798406
1349529984
349343417
52993543
1549308003
1788032695
1436273880
1940275926
875412672
826907107
1408738095
932152523
1995922900
1969219262
745719767
1850745526
1750078121
403696191
755449492
2040665272
186320213
1118859831
1324993701
1744976460
727117747
605148108
1913928246
1187614811
1853936697
839128367
1434068327
22251456
41174704
1783411744
75244999
1590482707
1423960791
1511518879
1383274985
151889816
190942338
644529433
1084042339
39381591
466265047
1829762107
1890127117
68859520
85974650
498092961
2109524792
272294863
1616952792
1287034846
2017271324
196586891
1892182954
1783715922
1384201703
1598636003
475360642
670786382
1620887459
516535346
306714478
1696132458
2107018053
1730675269
1060167689
1342809390
1882565085
1251110028
1987338823
819123777
1290491619
306120222
501402236
1033135088
374979742
587376886
1531228050
337020887
859671750
1000697194
1624055733
729459426
1197284086
1368755039
365691700
434002141
819907394
841052342
1104788523
293311206
1357587688
1411503001
1989443664
1317122093
994694622
902127706
512447836
729776060
5754086
352303011
1548899837
1296245705
658423234
2050302073
181897145
1033402976
490195311
1713125195
1370423863
1349867061
566338742
846995948
2079326487
1763622828
68267339
297534540
50141321
888174734
1138586882
1154929844
1181485940
348690923
418949197
1023445956
1665813016
1413643819
1925573662
30777204
2143419879
1931327748
383080216
1544836068
1080089805
1041503450
1447654493
1261986951
2074906426
1937849805
827628498
1297846642
1140233218
1393967240
2144842590
1072076058
1010106420
65626282
1369610598
1060247741
953801016
360713832
67693937
2135286956
709404755
486643134
1011249264
227734124
1900286954
789339279
258511328
1896223185
573183379
641591544
1293575606
1653273185
1683094994
593746451
767776488
1610517773
384112608
1595404986
760880767
1524345827
841888579
758239709
448938237
1851994999
823865991
1818548835
764759093
1777667007
31779019
832453030
1765470315
741183775
1319096165
629235932
968917899
1071899471
1418575211
1227429227
820639008
1991758590
1869020772
2114214614
1497548127
1404632118
560477418
117840967
867666243
944590026
1713245954
1628547010
321452205
407650885
239303072
770390442
112162236
1063169063
441455629
876921329
693352423
473234649
1709374360
311339090
1214418424
880986877
940575022
35852675
1952886348
211666585
1263281902
626041708
55941528
984819026
592772675
1553489655
241967497
1153250093
1671330623
1109633740
2097840119
1237092929
590697103
271808677
1644743814
830000175
1042199119
1756906050
1893169238
1483654749
486343732
439038013
1956889398
48234444
750377104
1023824174
929221321
1690952126
1059676849
734624021
1902618712
175475103
1360665729
1958560240
1160294130
1953438404
1364566247
1402261627
959204849
888413222
364411719
909561321
2125506151
955108822
1181369998
1622766317
1785108997
76085469
1232188720
1530794588
1559740218
1718532452
1969832601
1369145968
1766766896
572726057
245486494
548504569
116194536
1305163343
1283128590
2018813248
1480638447
496310671
1829889840
493448929
302265428
1046972439
1895710556
1261470277
1935385662
112638627
23547950
1913408165
1067747450
1204917948
1388690835
705372799
1281003418
473395907
88683739
693259988
44444711
2058516341
2062405957
1811211607
483758750
160408803
212232528
599953286
1465572147
1495361118
471282886
798726946
1991671789
153689078
1292175875
146453569
1200661518
1040402783
1407923847
988563532
1153041410
1431471797
754488049
73305212
488906098
2143178884
778678012
1769909516
469091143
867361751
315685856
513535854
778394444
230608165
177263813
1262153195
391016969
389496341
1862106481
1856589116
